6690
5395
6680
8881
8028
5560
9219
1319
9008
198
8070
6398
1284
6893
6977
6174
7767
1975
3535
4206
6665
2669
857
6770
3272
1879
2957
8358
7147
4533
7333
1833
9449
8165
5177
4551
4937
2113
5038
9976
6973
9429
345
9732
7169
2043
9485
4722
4519
8061
8034
5267
4238
2497
4715
4259
286
7165
368
6028
8448
6645
3607
9432
3045
3119
359
6883
9530
7526
9683
5204
2207
4695
2610
4402
3750
9290
1888
7645
4136
8369
7518
6572
8091
9
3369
4794
4634
4506
6390
659
8378
7192
8047
2074
5337
3610
7466
4661
4362
8338
9127
3128
7209
6255
3750
2782
8456
1304
7019
19
2463
8478
6133
6591
8931
5851
4054
2411
1475
5760
4272
6296
8682
8506
2531
6409
3568
8151
7484
1483
8660
2889
4799
5898
1575
5542
9082
1269
9606
795
2141
150
9420
7542
7811
8059
8102
5505
8006
700
6821
4179
5065
8255
95
2104
4399
6492
1164
8833
823
7049
6679
4810
5150
5806
5118
1441
5993
3764
4844
6853
1727
4440
3750
83
7257
8232
3586
5229
3987
7534
9843
3974
8854
7105
8331
6430
7614
1240
6506
3389
7200
4069
6601
3215
3168
3715
4064
1798
2251
7430
6868
3542
1192
158
5584
1556
8421
5659
9491
1179
905
6566
7875
9487
813
2996
1341
5929
572
4959
8738
62
5288
9120
4363
9917
4747
8654
4545
7253
3484
3906
1147
4672
1888
8744
1345
6769
7299
5500
6528
2258
6262
2122
8455
2767
4106
8533
7751
9633
9090
9107
7174
6326
6251
2287
6844
5645
6892
486
335
7606
1761
614
3450
8011
6428
6935
5629
1535
4814
781
9966
8083
4960
1631
2143
124
6920
4317
2455
5696
3703
2913
7205
9242
4006
9486
2416
4370
1103
6104
478
766
9134
5253
593
6923
8931
903
3929
6671
8704
5638
7504
1969
7897
8346
7982
7800
6286
9363
3476
6788
5062
9890
8892
3410
8651
9056
6902
2578
8634
1684
4580
2368
4196
2687
641
5829
7723
9392
4057
2993
4682
4376
2240
4058
1386
6496
1711
1171
4284
8017
6523
5716
5444
8391
7790
8852
4287
820
505
2649
3791
6699
4331
7511
5863
2722
2861
5858
9935
7581
21
9663
4247
4828
4634
5424
4198
4197
7202
659
2961
7419
4642
7177
1724
6291
4436
1530
8591
5098
3582
7265
7517
2030
9967
4942
4202
4244
1769
8011
1065
6286
5461
747
7616
6179
6363
9635
8347
6231
8380
6817
8654
7048
2195
7698
5126
8017
9676
7405
9378
621
3047
8453
8127
2051
6258
8885
821
5382
9588
2487
5418
4978
9153
8006
6445
6017
7944
680
9834
8614
3500
1042
8405
8994
6437
6579
9186
8956
1863
1146
3817
1420
6844
4223
2812
8478
2197
6801
2543
6631
9590
4000
8317
8761
4079
2793
8704
2845
983
2819
3509
221
7841
2816
8492
216
3707
1650
2734
3002
7863
5979
7410
839
1644
4407
5649
8185
8204
7403
7349
8739
8814
8991
4764
6100
2373
7467
8426
3274
4048
7935
9085
6395
7214
8147
462
8379
8652
5380
2318
1313
7994
333
1807
4788
6034
2408
6464
2033
2642
5865
9868
4453
4193
2772
8517
2151
3548
1098
1861
3
8854
1556
1289
5430
9706
8245
8654
1644
9257
4860
3186
4195
4582
2518
8878
7006
8686
2802
5977
5049
9690
4516
8618
3923
9021
632
9007
2672
4218
7882
8552
9556
6081
2189
1433
3279
3849
7168
9222
2674
2652
3232
6225
4502
9325
821
9872
580
143
6906
7034
6808
8374
4259
4601
3839
6612
9186
3024
6702
2084
2526
6924
1540
2418
6125
2513
5300
2067
9662
1718
976
8319
6225
4986
247
7732
7847
7160
8021
9496
1600
4514
3479
5439
9163
9828
2992
4402
6560
5712
4532
4950
7881
388
9503
2019
3807
2280
4452
2964
1966
6425
3822
3133
8886
4195
6156
962
3711
7450
1906
5089
2000
1142
7679
979
5172
238
1922
4169
6448
2577
4279
1697
7433
4799
8326
3404
4077
3087
5855
7258
1429
1027
8402
7931
833
625
3604
5034
8262
9258
7047
3400
5550
5763
236
8433
9826
4219
4738
6283
5514
7611
8552
1632
989
4793
8513
3599
1057
2588
9229
8660
9586
5795
5470
458
1884
4606
6520
8045
9681
582
8404
5567
9176
6482
9562
1377
2519
2243
536
1295
4169
2199
333
8965
1768
1524
6911
3357
9936
9783
1402
2433
8984
6724
5352
3139
6466
9390
2121
3362
6140
282
3579
7049
8495
6082
729
5150
4010
8862
8424
7527
8706
793
9653
8200
6346
2924
725
3298
3579
2936
5515
621
3558
3705
894
6203
8754
3046
421
7964
6340
5267
4238
5337
9461
7835
2415
9285
8352
8732
1002
4752
5333
3309
527
7161
6188
7139
2221
7246
1853
5919
1793
752
9468
5140
4427
3407
8891
3344
2197
5514
3550
4544
7220
2823
324
3042
5054
6198
2609
5131
136
5269
4429
6166
5248
3400
4788
8837
2013
3286
9391
7691
1580
5354
6487
1153
9279
8755
9485
8310
2902
1836
1127
506
7425
4088
4310
160
8982
5020
7053
7042
1126
5787
7453
1415
2833
9305
1627
4340
4591
8488
761
2999
5750
987
6867
623
8140
315
5950
5651
9241
8150
6290
1152
292
1409
2113
1506
9276
9359
6635
498
2615
8176
115
9158
8247
6281
8455
9531
6907
3981
1881
5247
9317
8235
9569
3132
2175
9869
7022
4054
4689
6400
5336
4730
5023
3888
2424
2683
1070
2903
6312
6671
4528
6004
522
9602
6076
82
2247
4516
3820
2076
5320
1409
279
2350
7372
9554
2231
8176
272
8117
6711
9040
6446
8153
4777
5834
9390
4699
7852
2982
4935
1538
855
6801
5296
2182
9317
9289
2011
3200
1176
5284
3073
8977
7185
1040
6679
4912
9291
2499
6177
6561
481
5637
7213
9870
5118
9670
3544
3361
2847
4222
8332
1629
2487
4294
1903
2257
9957
7181
973
7618
9070
2134
2300
9642
724
478
3959
8851
9947
6462
9823
2452
1155
8577
4963
1374
7335
4525
1406
3043
2914
128
6549
6431
8321
9902
2348
5172
3810
180
5745
5778
9508
3555
446
8646
1736
8693
5185
8866
208
8776
8056
1754
9374
1888
9574
8807
4433
744
9325
4727
8560
97
9420
1057
132
7849
8714
9448
1451
5554
3746
3493
6049
8309
6184
9258
6681
1388
2665
2436
5527
4935
428
9385
2452
1166
2149
2240
519
784
3900
8112
8287
7708
9689
5607
7058
6818
9253
4911
1515
6528
3592
7897
4684
4432
176
1352
6618
2000
7203
9933
6782
6343
7470
169
7673
7309
2719
8500
7114
9476
9287
7680
6740
4181
4033
4643
688
3401
2858
5222
3396
5750
945
7649
8009
9643
8337
2779
4478
9568
982
4029
5511
2197
8536
9141
3179
5062
7263
3675
3096
230
2572
7384
9586
565
9506
5898
8913
8014
6596
5253
9991
8698
6577
1118
3160
8531
3139
6051
4636
7154
4491
7153
2898
4066
1277
9825
5948
1286
5418
3657
8505
4852
4689
9069
9820
3675
980
1626
2512
4550
5633
8460
1867
6546
4333
5150
8179
7551
9021
8304
4068
6282
388
7153
5783
9251
7230
3458
3794
73
3169
257
5998
1499
518
6531
1992
1377
992
4601
8375
6199
3370
326
4253
3252
8841
5164
787
2649
1744
8001
1155
2984
9674
8974
1348
9965
5656
6176
3592
7496
4221
6395
1323
3257
9338
6594
582
1335
2528
937
9541
480
5581
1232
4835
5664
7856
7384
3026
4221
149
9914
9737
8926
4308
2759
1009
937
244
979
1381
3221
9192
8949
6016
9853
4049
6292
1823
6323
3293
30
8713
4161
6613
2263
2264
5326
6785
2163
3622
8954
7798
9269
5886
3396
4994
2829
7071
3629
9522
7510
6401
9506
1736
7012
1447
177
7802
3653
4331
8677
1135
5613
5559
4112
4781
2551
1346
6952
9858
2945
4301
4154
908
9978
2053
584
804
2997
8949
3846
7201
6631
9370
1605
8776
1968
5109
5835
9236
7829
2787
4932
1283
8932
4593
4165
6574
9024
2874
1091
8288
1586
3256
6024
4141
4037
1202
1481
4500
4079
4101
6297
9175
326
7108
4267
414
9731
393
1025
3105
8463
5391
8017
3022
2996
3112
5747
8101
1101
3690
5769
9277
8832
1072
7875
7315
6564
8786
2137
1695
1903
848
755
4131
672
5380
2163
4509
7804
8226
8310
2222
8061
2244
4831
6123
3462
7451
8169
4316
8276
9675
2362
9009
2746
2220
78
9651
1329
4317
710
6259
9555
8512
2606
1368
9080
4333
2780
6367
6802
906
931
9048
6464
1499
5243
1164
459
2048
481
7778
1619
5340
1179
6098
3362
8939
5217
2372
1812
5708
27
7377
1768
4451
8266
3634
4148
7321
6281
3897
4202
7037
6089
7963
758
6447
3761
3618
4559
9641
9497
8735
6461
3217
755
4115
1557
455
412
467
2177
2614
4160
4259
2014
5389
4470
5969
8799
2783
5209
7951
2101
7251
1322
7645
9731
3332
7123
5463
7801
5330
1833
1642
5197
7477
3016
9619
1003
52
9064
8299
7264
279
8597
7709
5065
5965
3456
8276
350
2666
4845
8466
5945
4951
1986
7449
3288
5929
501
7625
5831
6137
7874
3673
7664
1028
4357
6416
8134
9010
3868
4928
2548
5308
4673
2377
8934
1546
5213
1866
4723
1491
1173
7463
3483
8758
8903
3298
4088
7540
9973
341
2941
8094
8257
9916
7398
9520
6403
8822
9386
2037
8810
6088
1748
6706
6682
3065
3571
4999
7793
9144
9001
3337
8153
514
2229
5227
536
4964
8003
9127
2612
3391
4950
4739
703
8594
2604
2640
8721
9649
5346
5802
9167
8480
1562
9341
6348
3304
7550
9616
9028
4733
4363
6774
1175
9092
4167
2352
58
6260
9830
9130
6893
8226
823
8855
7685
37
9428
7629
659
6509
6589
6089
6882
3779
272
5368
4871
9745
136
4278
7768
5409
3836
562
4493
4461
944
3283
8691
7145
7082
7983
7113
652
7370
2844
3388
6939
9951
3327
4542
8270
2596
1375
8781
6841
6250
8194
2062
1456
1361
7100
3682
8639
1331
8336
5353
5601
1985
6411
811
6547
838
7602
1985
350
385
3361
2746
8106
3229
3852
5266
4163
2459
338
2710
3441
4508
3224
8747
6703
3348
9582
9593
3328
4316
7710
6749
8850
1374
9122
2368
4749
8721
5308
842
4366
2151
9360
7953
9859
3802
6327
9266
1410
940
634
1549
4114
7306
2272
2736
4311
7340
2209
3683
8026
5397
6594
7938
1773
7716
8248
4185
252
3154
4139
7684
2988
9198
526
393
6864
2339
7950
6868
3615
2939
4423
2829
4621
7436
6793
4391
4925
6802
6823
7913
3979
9380
4659
5597
819
6755
1055
3974
4054
5307
2850
4882
6077
2563
5828
3595
9354
7627
3208
7457
7795
6657
9608
4646
8152
3043
2670
1114
7495
659
5903
4642
3890
112
8907
1154
4580
8266
21
1125
8525
9146
9618
8138
8292
5680
7860
6144
1268
8243
1998
7283
648
5210
6142
3877
5487
1339
9343
8985
5113
7443
9879
7797
977
8551
6469
2611
3445
4356
1902
6101
1936
2340
9216
6100
2638
9995
301
1408
854
3089
7011
1017
6383
1911
1372
4642
3998
1469
6217
3515
9610
4435
9513
1112
3471
7341
4614
258
7514
5991
1161
1551
1199
1264
7121
6492
1112
8288
5015
9317
251
2563
9916
9037
9286
8326
8790
409
4383
2145
5696
8677
4541
5740
8754
1697
4735
5977
2010
7380
9295
1109
1827
8735
684
4203
2929
1528
9444
1923
9823
6996
6671
7384
7997
7961
7682
4353
4576
1059
5150
9706
4322
6874
462
4702
2667
3234
7212
7575
3984
7960
6536
3337
7701
5650
760
9443
5933
9708
2551
9011
3012
5350
3198
4549
5948
4834
7675
5820
5660
7609
5737
3695
5578
3044
2802
5219
8717
464
8088
719
7805
7002
2192
1227
2648
5177
8210
9068
9770
7434
875
7715
1833
81
9821
1760
2001
5419
5182
7084
2192
2159
91
8035
4651
3132
732
7142
5428
2409
2374
1365
4717
8953
6089
5319
9570
9863
2893
3356
4374
687
649
2559
7246
5220
1865
736
9399
8857
9873
3001
1202
2407
1729
7739
6766
7015
5740
1413
3317
8655
3789
8025
7837
922
3536
810
705
1380
4837
4306
3974
8531
9327
3708
2650
1345
8911
1248
6286
8631
8833
7899
5433
6533
453
8207
1738
9908
1215
4627
5609
5476
4545
1082
6922
3207
9231
2953
4319
5904
5182
8951
265
3892
5353
1455
9300
8414
9491
9388
2542
2700
7564
278
8770
2887
6483
5533
1735
4155
4730
118
6689
5122
7372
1137
4903
4854
5044
3274
2192
3535
8160
9253
1728
1980
5295
2730
5133
4080
272
5264
3911
4899
6152
871
2440
6982
9502
6
989
5598
7609
8058
6598
5829
9673
4911
899
9033
6534
7022
9798
7180
4764
5514
2153
2864
9361
5283
1423
9134
8993
6556
413
5208
6025
4062
1885
1122
1895
3062
4067
4866
9214
9707
7628
6039
805
586
7544
8504
7327
9229
4714
9978
7489
5393
1815
3972
89
9441
1849
8753
5875
4285
1667
1796
3558
2997
7331
1298
7028
6439
4764
8952
703
2217
2768
9971
8422
6407
5298
1995
1895
9091
6989
357
454
5379
9001
2832
4803
4046
3714
6424
105
8890
2466
6318
8224
481
6978
1988
9547
9085
6953
6554
1433
3043
3009
6543
2541
4448
1425
2518
4073
6527
5468
2104
5072
1012
7726
8504
5367
501
4717
4998
7878
6394
9076
4509
1839
2022
1916
5500
4415
8755
4144
933
7377
5072
2892
6663
5013
3678
6633
982
1062
2538
4177
7517
8391
6133
590
955
7909
9355
6367
1683
8503
5008
6292
7667
6650
3004
4446
4786
1330
2661
2566
7651
6226
6279
5766
7886
909
7651
2776
3257
3703
5973
8823
5630
4733
1838
5706
8516
3926
675
8161
2108
6610
5660
2560
5341
1891
4361
7717
3419
7046
5569
8110
1291
984
9530
4664
8147
9208
2054
7623
4483
195
543
6024
2216
5490
320
485
3469
1664
3739
1884
2162
3525
8748
8198
2721
1285
7698
4006
3117
1426
3152
3007
4950
1270
2000
4576
461
5608
4604
2481
4687
364
7974
2228
4446
5810
5681
4270
7504
9672
3625
4819
9637
4085
2707
645
8133
94
2637
7542
5171
7541
6403
281
7969
5391
908
5717
9636
5474
3908
3504
2300
6133
2039
7584
850
483
2632
8560
792
5037
6924
3262
9408
3029
3896
9567
562
1642
4871
8172
6161
3377
5250
3344
9306
4126
5981
3779
1381
4763
2237
6446
9471
5691
3722
5979
4667
4797
1065
5053
9411
5756
9265
5223
8442
9064
1931
262
3460
7232
4054
6704
5979
6928
3676
93
8379
8149
8459
2692
148
650
6289
6691
4775
6299
3996
8357
9469
9774
6009
1996
2177
1544
4303
2394
2485
41
8981
3455
2475
5521
6217
7116
1287
7165
9711
9493
1206
3643
2265
8803
4883
6988
8544
7803
7854
9335
6201
2184
5429
9109
4817
2472
3944
1074
2897
9475
6801
2252
6425
1328
6150
9858
1789
7652
2496
6563
9181
6047
674
7109
9946
487
808
596
1930
7034
2083
640
6191
3840
1979
7953
6991
5590
6460
1992
6241
6272
1464
6612
1151
8747
4090
6349
905
8571
8771
581
5968
3838
8096
9971
6481
3508
6833
7017
8491
5163
9788
2371
1751
7938
3893
1556
4203
7999
1072
702
8861
7350
1987
2604
2300
2581
10000
6102
1371
589
3600
7259
4606
1884
6299
6531
3872
2541
1279
2766
1215
9993
5946
9756
865
5588
1288
5220
2423
1604
7869
3449
6506
9274
5045
3319
9462
9656
4667
6533
7235
444
2403
6557
6358
5536
7141
3920
2872
4561
2734
3804
8573
5790
5416
1997
105
9096
6056
2147
6075
4202
852
3971
1465
7162
1448
6590
7136
2491
9492
1394
5380
5962
725
2383
2833
900
6930
4584
6436
6085
2602
613
5284
9602
1595
5366
9240
4203
7286
9366
6337
4349
1992
9108
3957
9415
3705
8699
1005
1938
6104
9278
3269
7082
4969
9093
7597
1398
8078
8603
446
492
1353
9129
114
8941
5402
4913
9424
5560
5119
5993
2437
3224
20
8229
2058
7117
5274
6754
2800
7484
2764
7071
4178
3277
2786
1100
5136
210
1486
6899
9133
293
7822
7617
6533
3275
6591
7542
3092
5421
8306
906
3830
7149
6576
6182
3567
2711
583
2324
7176
8800
9275
420
223
5249
800
6750
1765
4185
605
1750
4044
6120
6261
3872
3824
9791
5238
6173
3150
5265
3427
6593
4130
969
3571
436
3577
3043
1490
7851
3372
9218
6390
2847
1760
8719
8220
1870
552
9315
7000
8953
4120
373
90
6460
9959
2619
9344
9707
1305
8673
8763
1079
1587
2378
9824
381
4315
71
5663
7155
524
7261
8551
5740
2346
3396
6846
7400
345
8971
9478
6244
5479
984
4004
6123
5440
5177
8666
8503
3484
2889
3488
528
737
2270
3108
6096
6691
5070
6730
3531
8705
1905
3313
1774
7838
9418
5673
8988
2660
8213
6583
7810
9926
5916
1554
5767
7201
5356
6835
5335
5529
6704
2993
5978
1971
3912
9683
2079
9226
1677
9733
7031
7528
1185
6607
1905
8871
8352
2586
6096
8461
1407
561
2816
6090
596
4662
3295
8030
2981
7760
7631
3091
9346
2187
1593
3732
4987
3805
549
9039
8270
555
3285
8770
2309
9408
3304
9754
9749
3819
3195
7184
6901
1905
9253
5703
5545
9996
1209
8441
8801
8867
3915
6874
3931
942
8800
8218
6444
5910
4892
3183
4214
1494
9089
7171
5597
6731
7490
284
846
9559
2697
6741
6918
5235
4761
7737
3574
8220
6093
2627
678
7907
9727
2666
9158
3380
5384
858
2814
2450
4006
5120
6890
4846
5405
8989
2511
4469
2492
9856
7535
8305
1961
9529
2789
8653
1960
5403
4057
3725
133
6652
5514
137
9996
3104
6199
4608
7789
5096
417
7905
3359
2722
3374
8516
7992
5845
4911
1762
2182
1428
6260
5748
8842
2615
7554
8570
2238
4238
615
4797
3452
1625
7577
9674
3659
2784
6509
7853
8012
8881
5690
6088
8059
3158
5809
9550
4725
2201
1180
9919
5181
981
5265
9137
2956
7098
5237
6846
434
50
847
9011
6861
3535
9266
2894
9141
5879
2135
6470
3200
8646
8633
8556
7935
9898
2396
1037
329
3044
4581
3217
6840
5284
7441
6423
4751
5768
623
2969
1308
7000
5939
5569
613
680
9253
9995
9976
1851
3436
5031
1893
9845
9025
5839
2141
885
1394
4849
2267
767
4964
7712
4867
6877
6493
1483
8725
4805
1840
3495
5671
9287
2646
7335
7005
1656
1078
677
7232
1317
2621
988
3978
9238
4226
6091
3736
1118
8751
4405
1590
550
3768
9257
3784
3356
606
7900
4264
7466
9364
963
9634
8784
56
5246
3290
2245
7217
5945
607
9094
5016
5132
1369
2931
9063
6721
2033
3486
5046
9472
2586
320
835
4967
3778
4208
3142
8023
4757
5805
941
8035
5900
8906
6027
8947
4135
3168
9255
4893
4379
9346
4955
6780
2327
3039
8864
9376
4827
929
5683
9777
650
9657
8129
5696
4602
1306
6117
6862
1958
8815
3602
2754
9575
8395
8485
3315
1676
1620
2538
3350
1783
9183
4340
8009
2219
9765
3313
4253
3067
1438
1842
6048
281
2290
2001
3245
4983
3938
7416
2275
8296
8655
4699
6339
713
116
8605
1952
6813
5753
1965
3028
9563
7916
3130
9106
731
7504
8014
3255
495
7153
8928
1950
9886
7184
6461
114
999
1102
7769
550
7857
6446
6381
5464
2126
856
1092
4580
4550
3167
2127
5728
7861
3278
5659
7715
6988
498
8
8947
1058
9217
3667
3530
4149
1546
7962
4833
546
5454
2698
832
1719
7424
8860
5017
2994
4554
3525
7920
3867
9217
959
4114
4816
5741
7238
1400
6379
6085
7323
5947
3937
1666
7402
2730
2255
9289
7440
5596
1051
7927
7067
6224
1939
7080
3323
3475
9312
6539
4927
2886
4256
305
7788
2950
6787
2947
7059
3236
5430
6066
5057
748
8280
8850
7344
9424
2297
7992
7799
688
2695
939
5540
3685
9119
5375
5709
1184
6584
6758
8728
3345
7188
465
6293
29
9305
3388
1589
5733
999
6022
6400
5041
5199
6585
9579
2254
5917
1995
1606
2851
1347
8856
4271
1586
7079
4816
965
5436
3865
2763
9890
4211
109
9167
4673
3786
736
7510
6936
4192
3433
3523
2250
5348
1953
7034
5503
9351
4495
1194
7413
9874
7032
1703
9979
1051
5104
4817
3682
6187
2013
3714
5757
1813
3119
7490
8491
5687
4881
2105
7861
8754
5605
1828
3257
8861
2361
7238
9573
6433
2701
3742
1367
1220
2802
3499
8610
2605
9586
9072
322
7581
5316
8903
6743
8097
8377
1844
7429
6738
1864
632
511
2911
6182
9029
5914
2793
9201
7608
311
9588
4637
1203
4431
7246
7696
5891
114
7404
8196
6283
3928
1057
6752
9537
1264
9544
1049
2364
6729
479
7883
1420
2932
2893
7876
6905
8781
3407
1269
6336
2629
6182
455
2878
779
3380
3163
8706
5804
600
6258
7906
6446
1032
8166
5558
7003
1274
633
1060
8323
9854
7939
3319
8754
5232
2100
4447
5319
6827
8024
982
6448
903
9231
6695
4761
8171
438
5944
7560
2976
9892
6030
4464
1915
8637
5070
499
2872
3826
786
7285
1452
7181
8998
6002
5644
2808
9346
135
5072
4193
8709
1992
4925
8775
1543
5770
6603
3800
188
4701
6545
1122
387
4530
1391
8377
6299
2278
4647
2246
9689
8185
8683
7597
928
4834
3005
4534
1086
6617
2550
7006
9498
4206
4145
1068
6450
306
9881
6808
3769
5274
5987
8037
8324
6577
9089
9179
9349
5439
9051
396
7797
3431
1334
1729
5080
4921
1862
3548
9271
8903
3134
4360
5289
574
9583
158
7103
7671
6499
3803
9108
273
7026
8942
7412
9041
4641
7533
1395
7079
2402
4924
7911
3237
4831
8748
22
4594
7130
9846
3093
6666
9341
1890
4780
9609
2637
3252
5521
7828
7832
5346
1586
1109
2502
6611
8653
3397
5839
58
8984
3790
1989
1156
8009
8275
8361
8588
2203
8620
2602
7989
4033
3186
1193
9064
7959
7276
7203
3407
6176
483
5448
5798
167
7013
3602
4071
8307
2881
7086
9003
6516
9792
2896
2917
8785
4793
5267
7046
8460
5015
7644
5041
1080
6175
3135
5115
2181
1966
9393
9042
1880
4554
2252
7030
7114
6495
8682
5391
6254
3152
2776
5787
755
2047
8336
8860
4178
3680
8211
8763
366
7079
2674
5195
5487
1316
6609
7022
5305
2295
6226
865
9906
6714
3980
8003
1798
7819
4389
4707
6009
2716
4023
7926
9720
8931
8704
927
1212
8155
5836
8806
6431
2691
2626
9300
1482
3063
6035
2573
3651
4218
8257
3240
1216
8737
5677
5053
1240
2977
2053
9535
80
5568
1473
1948
821
9339
729
3197
5355
4350
4639
3365
8876
4689
9446
9382
3472
5657
8208
2102
6835
3518
6473
7063
9579
530
522
8254
67
471
7616
3086
3959
4965
6077
1378
8295
9524
4431
3584
7995
4633
9943
8587
8942
4078
3266
2142
7487
6699
911
9406
631
5276
5783
4105
7734
4725
4416
3267
3796
4641
8868
6819
5954
4631
9949
7597
5444
4137
7048
57
8018
1331
6270
3094
818
1835
5517
41
2451
2364
9119
5323
6281
6312
9331
5270
2357
9200
3916
5889
9715
6510
8954
56
1377
2420
8196
4318
6450
7664
7128
3101
337
3923
7909
8946
2447
7559
9709
810
2771
5613
3294
7503
3939
8322
7503
1860
5493
3188
4176
7606
5293
2284
9759
5480
2690
940
6232
6269
1265
9878
5125
5640
7749
4162
678
518
8014
4281
8623
4287
5568
9120
9313
6357
7755
3345
1732
9453
7734
5250
6059
1736
3199
4194
1636
9024
6212
457
459
6209
3371
4594
520
3924
346
1115
1900
5164
7687
98
3392
3849
2360
9561
396
379
2666
7283
987
7037
2276
2149
9410
2636
1703
9218
6135
9525
6809
129
7432
1046
1345
7246
300
3483
2484
4501
1120
5041
7684
2038
8582
3580
5412
6597
2666
696
6177
3807
250
8793
6099
5096
7722
6727
7722
7481
2846
272
4927
614
5598
7579
5494
835
8120
9430
2628
2173
2133
8820
2644
7135
5486
739
7083
3655
8552
2095
7281
3907
655
409
2413
3730
9688
4607
927
9981
4388
7994
6545
3028
5876
5280
9012
4958
5076
3795
6209
7889
2408
9212
2919
2474
4976
4435
5242
2117
9794
1751
4024
1368
6507
3940
9049
2750
2500
2500
7298
2853
2369
3470
6491
7120
7676
5881
9046
4783
8414
9809
7460
8817
8972
9970
2346
3496
7011
1251
4156
2875
5571
511
7284
5304
8481
4641
7819
2818
7651
340
2382
8108
3471
4664
1668
7479
8086
3334
645
6008
1484
7597
6219
7995
149
6146
4098
4703
1492
4738
5961
4221
5393
951
9345
2164
8681
7771
5379
656
2693
662
8453
9949
2940
2627
300
7840
8715
4961
7275
3726
1099
6988
2793
7797
7107
3924
6921
6055
6164
7870
3009
9111
992
2485
6773
5252
7169
1441
8401
7696
76
8450
2673
6484
5078
1542
810
1982
5164
5936
9395
2780
4789
202
7649
8682
6153
9774
2652
5448
6756
7935
876
2049
5800
4905
340
5065
3840
5845
9078
2337
3726
1803
5246
5518
7161
6135
2636
5751
8040
9462
8541
6091
4363
5941
9897
7391
4839
8430
5989
4397
9884
6689
7243
9451
4990
7011
4186
3218
8252
3719
3906
1472
5217
8151
7613
4719
8265
2001
5639
1286
658
1987
9623
5680
7031
9921
5004
8737
8371
2550
1321
3028
4579
4179
6109
2198
3845
2608
1682
2643
1608
4435
4369
9581
9113
6628
8021
5474
1674
3179
3362
9384
7370
5692
2012
2059
382
6884
652
8134
3725
6647
2103
4836
1695
4340
3184
5892
4661
9543
409
9669
5459
2169
6448
8468
5124
2493
7002
1969
8850
3629
4310
9598
124
8768
2437
7510
6721
3982
6218
4977
7933
3101
126
6176
5856
8300
9155
9520
8950
8781
5477
1795
8206
4361
2424
2617
3709
904
5512
261
3099
5322
2264
9828
3759
941
8744
8515
5513
8165
4132
9722
9751
9685
5027
1802
5370
8250
2714
67
849
5713
3218
2290
6664
4011
9384
1867
3438
1719
5626
4369
5101
1735
4190
7991
382
4524
7764
2114
2948
6859
3912
2370
5822
6364
3843
998
945
7751
6171
1037
541
3328
5254
8769
2186
9516
5073
1878
1650
4219
6733
336
6738
7734
8015
6215
4415
9987
6747
7410
1383
8345
6994
9115
5911
7337
1312
9923
7812
7908
2587
6334
2584
6039
4001
5069
8318
7346
1415
7386
23
7589
9677
8654
9613
4874
2342
2118
4821
4223
1358
6785
4824
2983
8399
2623
8156
6846
7743
223
8729
396
1644
6471
4850
1223
8819
5750
5795
2786
8217
6478
3902
7955
4759
7437
499
5335
8735
4386
8678
7636
9726
3954
8927
7740
3836
6749
5403
7937
9962
2137
999
4540
9184
9358
4810
4719
2260
5079
4190
4014
1549
6186
8532
4133
9939
5068
3770
9059
4697
8214
6960
9453
9942
8200
456
5481
722
2580
3972
4890
8639
1514
3051
4058
9034
9825
1277
5830
854
2236
4508
5802
720
6595
8270
1504
5856
8964
961
5405
1069
9307
9276
6451
5358
7480
7567
5346
5710
1689
634
9232
89
5913
717
3415
9298
5957
7584
5818
1537
482
2265
4716
1178
7368
3829
8699
3884
7365
8376
4963
1379
3042
8426
2430
882
1754
510
6168
871
5440
2808
1393
7606
2236
8448
6999
2533
777
5451
4516
8500
2126
567
1131
2682
8878
616
6427
3549
6429
1543
4028
6119
8059
816
9187
5111
4626
4286
6991
9455
8239
8946
9547
2757
4932
5920
379
4944
3122
664
5802
9368
4215
1133
2023
9459
2045
2078
984
4142
3600
1538
3736
6489
6317
6173
6051
8566
6634
2680
4246
5374
2317
8029
6110
757
2424
8635
5416
4744
8398
8067
5087
2657
4748
1639
9136
5209
7771
4056
5357
4626
5701
4535
9746
3042
2429
7724
9148
8635
3653
4190
1018
1497
2470
9572
5000
322
1293
6585
705
8385
6189
7123
3043
3568
7602
7326
1129
5898
1879
137
859
4277
731
6873
3827
7269
6965
7062
1104
755
4537
7579
1435
4361
6181
2892
6577
2454
6925
8790
1914
3781
283
3322
6810
2433
4915
9696
3854
5558
4366
8629
2495
6341
2639
4778
888
5350
5478
2800
2238
1516
154
9016
57
7173
3224
3372
4919
8603
4108
4061
555
1947
6082
377
7931
7214
5506
6275
2989
8755
7846
4888
5846
2561
1706
4634
3175
7863
7227
4270
3059
7787
2723
1189
3196
4963
6888
7330
6741
3163
3360
5885
4407
1134
3524
7588
704
9062
8652
6520
8482
1805
3978
8947
8910
3184
8540
5002
9253
9669
5619
3253
7740
2505
7735
7199
2857
6462
4872
975
7838
8724
9254
1785
7955
523
9369
681
7403
6874
9765
2343
4665
7052
9861
7252
6660
5245
4222
9768
7491
4629
8802
4515
6383
8628
3918
2655
5385
4837
2879
6056
4114
9441
5569
2054
1208
1768
8876
1117
7928
2923
5016
7761
780
277
1141
676
5978
577
1645
6480
77
5109
7628
3011
6276
8760
4679
9966
7731
1011
133
3772
7244
826
6157
7071
3255
5208
2947
3295
220
2052
8740
7204
857
778
7189
7818
6817
427
9278
4412
3297
8620
2752
7640
9888
8978
7621
1422
150
536
1982
3429
3062
197
5400
9800
4037
1755
767
7956
5086
8488
1092
7023
5112
3964
3984
7355
305
6918
9922
835
5043
5025
6628
4955
6213
643
723
8349
757
2788
6628
1019
9929
3448
733
2761
1960
4763
1285
7945
3506
8762
1621
1632
8534
4941
6072
8027
9246
9148
6331
1146
9381
8312
4565
8241
114
6504
4696
8119
4859
8294
9283
5746
8589
6842
7555
2504
2103
7705
2774
532
4668
2016
2063
9655
137
13
954
8567
2778
8487
7183
2708
2145
9902
8972
8234
9365
201
1742
3713
6510
5646
3970
8066
3707
4406
2088
3848
8842
3397
4585
5012
6758
7883
2618
1109
8155
4690
8857
9728
5467
5094
4008
5779
5067
8218
4404
4988
7615
9424
5789
5910
9799
7000
6916
1816
8431
5127
8224
9950
6214
3210
8790
2738
7480
3654
1229
5366
7349
899
7004
4308
2178
4685
6758
8961
6559
3883
8608
7116
485
8655
7236
4810
607
1797
5365
9904
4196
4349
260
2254
6147
7566
5138
4364
7030
3453
6759
5001
8331
9140
8588
7167
2154
2381
1644
9025
7592
891
5351
7213
9282
2651
9332
51
5601
6417
8213
3013
6602
7749
2707
5563
3718
7563
2566
8493
6373
6968
7351
1355
9925
2623
6485
4349
4259
4644
6494
3146
3818
6081
7583
6427
3606
7021
4006
5570
2569
7916
7996
2173
2391
93
8417
6809
600
116
932
1813
8859
7498
1193
5827
3955
603
8042
2332
3868
6346
5290
8837
8312
5783
5192
3227
7160
7567
7672
1677
829
8346
1797
8191
914
326
1137
2355
8101
2448
480
7549
4922
7008
9090
8498
6067
9499
2252
4070
6050
7231
2558
1704
6956
9109
8496
2282
721
8327
1930
1380
2580
6421
6607
6155
9831
9802
9760
4674
3328
6437
1298
161
5681
6541
294
7307
4842
9556
4955
9574
9435
3720
6094
5996
4330
7141
7232
8961
1718
3441
9734
9363
691
7168
8188
645
551
3090
8747
2954
4127
8292
2670
4700
2634
1539
948
2256
8513
7898
7703
7536
3710
4077
5392
6083
590
8674
1891
3847
8241
7672
9931
8131
9629
9445
575
2737
6575
1754
1433
4978
592
8032
9919
9638
346
4462
4666
9396
5154
5698
1418
6381
6178
4044
7750
2789
1194
2788
5953
7395
9605
987
78
6615
5664
695
561
7020
5434
7578
8843
40
9391
5967
823
2708
4955
4440
5617
3849
4175
7267
4989
5980
9062
1296
7687
3049
8299
1127
6560
2039
1659
7922
3311
9982
4716
4097
6064
1097
9806
3010
2611
6747
2933
2243
1926
6366
9611
4057
4220
9271
856
9847
3614
9962
8401
4855
6620
6232
7805
4917
7405
5402
6821
5398
3556
7084
9662
9397
7078
8774
5925
7001
7141
1053
9534
8906
6158
6940
3066
9436
2158
9713
4856
5505
7911
3801
9933
7718
8242
9269
5029
4354
9234
3027
5345
4389
1813
1982
6638
5369
1734
7827
5482
141
6343
5287
5700
9400
2412
834
4825
6582
883
6513
3399
217
4741
6233
4531
5703
8685
5300
9577
5250
8858
709
5039
2944
6172
3317
6124
8602
927
9953
7553
202
2520
327
5583
9258
6839
4495
5313
7725
9764
1430
3583
5924
8589
7609
3836
8972
2795
1933
601
4832
7574
3919
6289
3
9580
113
255
385
5829
9451
8781
7207
1604
2416
4759
8424
5279
1943
8652
6740
7884
4207
5502
3667
9754
3107
5421
4681
8969
9926
217
7016
4862
7928
5838
7570
5387
6498
5082
8108
6354
8960
2465
3523
1796
8952
4474
949
9724
4262
4543
6409
2527
1006
6955
2656
6807
5458
5655
2420
2952
128
5460
5980
6615
6595
7256
3198
1989
7631
6200
5641
1223
1375
3377
9161
3618
8596
8450
259
5086
3329
1096
4464
8132
2609
9908
7143
906
5472
2593
9723
3972
1213
9488
1433
2454
5577
1881
3824
1985
6654
5753
6123
2010
6928
4346
1596
4901
2137
6903
8854
3429
7533
556
7738
9732
7747
5160
7116
4174
662
5730
5336
9762
6708
8986
3672
1701
6814
9193
365
6241
6900
8637
9805
641
9390
2750
2941
1103
3988
4069
7906
6112
8721
425
8127
8599
8592
247
5478
5628
2675
9100
9888
3986
6975
4008
7096
5878
9964
5575
7391
7612
7427
9258
3053
1509
3334
2112
5381
3890
1768
3093
5344
6921
7761
4183
5103
7253
1973
7816
4203
3641
6978
2715
5413
3634
6209
9123
2596
3231
4822
4696
2888
1903
4835
5450
3967
3271
4872
2269
9052
5022
211
8500
3007
3135
5761
6664
971
1651
8303
877
5338
5725
9880
6036
246
3672
1017
3663
2110
9893
1685
957
4728
348
3623
1994
9815
7239
1484
1726
8964
1807
4216
8631
4793
6191
6168
3495
7590
6689
2145
8602
1486
7193
4101
4087
9923
8746
3452
6586
4768
2629
6131
7714
1449
6512
5435
648
6994
5265
7241
3128
1768
491
7577
2012
9559
3059
3762
669
9243
5883
8069
8344
1612
3036
6144
3089
152
8573
4954
2861
2492
2354
6779
988
5070
8395
6763
1000
1525
9079
6525
4017
3975
9447
8416
8323
1065
9056
6489
3572
7092
9346
6097
5333
6450
7753
8690
1391
6616
3324
4466
9260
735
869
8773
4904
4982
7464
5600
4146
4608
430
244
8355
3881
9639
6778
2313
2674
5813
87
3470
9467
621
2573
8212
4146
189
4810
5147
3984
919
6689
4549
6765
6691
7979
9651
8001
8299
7064
16
9915
4619
6827
6565
8081
8335
3427
7356
7288
4989
4882
4925
1115
6381
9879
1590
8182
8240
4197
7084
2382
9909
4577
7206
4002
4368
7710
8535
7828
9896
6063
9205
7113
7713
6752
3190
5261
6767
7265
4728
6814
1004
3557
9873
107
3483
6205
5208
7354
4595
7367
7475
2643
444
115
1238
3488
7394
5033
8122
270
2229
2834
1251
7928
2436
2821
7784
8158
3945
946
4572
6845
122
3534
9116
7425
177
769
3595
8933
4131
6538
8057
2
4573
4331
2128
1810
3945
2916
2703
6284
5018
2137
2423
1754
9311
3669
794
778
6332
3776
603
7409
8806
816
6147
5500
8510
156
5148
1565
4866
9619
5953
8297
9295
1283
8189
1790
3897
3627
8013
8779
6867
4442
8351
4197
3329
8903
5409
4387
7669
9219
7073
5217
3179
8149
3849
8242
7314
5601
1598
2416
6371
5907
4207
9052
4764
4121
8977
4471
5988
8224
7286
5848
4358
2754
5896
6211
4287
5272
4471
2543
2378
116
762
6107
7360
4452
7867
7287
7130
6581
3773
2179
7100
9835
5344
9510
5204
1798
4783
7519
5202
5688
3707
3635
9833
1238
701
933
4120
3083
6684
9141
4126
6598
77
1277
7052
2416
7929
1000
6669
8612
1693
6282
2235
2787
5746
7275
8457
1309
3963
9483
6382
6040
1495
6504
2619
7424
8032
6075
912
843
6614
8600
3857
1520
3508
4912
8665
97
5348
334
4056
2355
7395
9165
8720
5719
9993
7730
3463
8610
5625
8700
495
3008
5920
4930
2849
2692
8585
9891
8323
3164
7274
8705
39
5990
934
423
866
8660
7078
2154
510
800
5540
7874
4958
1997
7057
4775
3249
2755
2582
7069
1527
4093
9486
6842
5438
9135
330
7919
8634
8841
3908
5058
7577
9238
3045
1315
2005
4722
9775
7285
7090
8797
5902
8864
8371
9149
1383
6139
3811
5831
4775
2076
44
2138
8860
9930
8227
631
1870
1373
3608
419
8456
1324
6569
9377
2579
795
59
3240
2346
7613
7267
2901
3468
9101
3559
1873
2604
5548
5618
264
1350
2951
4549
3934
8149
9021
7394
4575
7333
7630
6809
9330
1527
5434
2084
8525
4550
1216
4042
7750
4394
8047
6239
7491
7639
7243
7660
3698
6446
9478
2119
1758
4563
2449
45
2180
4040
1130
9873
1640
4054
1864
5036
7207
756
3255
4490
9830
7741
4153
3295
4290
6090
6558
689
1849
1027
4560
162
5023
966
7041
6515
4876
3759
4297
4137
7402
4493
4417
6929
3682
7405
6224
8797
5317
2870
7866
2716
3578
7734
3507
749
9183
1954
9024
1594
5089
1426
7652
31
8257
2176
2197
2334
3256
2274
2002
7449
7395
8603
7038
5707
3010
5647
2667
7135
2363
3421
5525
2353
7064
3864
1616
2512
4729
2361
7074
3868
8818
6500
5519
1709
9122
9895
7447
3586
7243
7350
6672
4590
6693
2000
9190
9931
1672
4685
551
7926
9357
6995
8884
9130
7745
8476
7127
7630
4679
8209
6613
4937
2121
1900
6629
5698
4324
2325
8636
930
2772
7660
6905
6981
733
821
8370
2191
6282
7991
2155
5568
1010
284
899
1968
6143
5209
978
3897
3868
288
500
6441
6442
6000
6097
3454
9060
1932
7403
8424
4412
457
6839
8983
7064
5054
3591
7094
8294
8864
7662
7355
3966
5687
7594
2006
7700
1526
1399
6373
4545
4728
1767
602
4508
5442
3738
2157
9260
9240
7223
7963
1951
7708
481
2343
9968
5949
9333
3667
4413
6511
1991
9423
5553
6638
8793
7039
8428
5534
812
2339
9870
2779
4370
3749
338
9441
2087
4000
4737
4861
6800
8572
2407
6467
3593
3426
1397
6604
3397
1921
6447
4308
1706
428
8016
5373
4655
8610
6830
3782
6895
4511
5738
7683
8761
8286
1841
7454
5925
403
4601
6662
6639
5381
456
4130
3455
3824
1662
2483
1162
6294
2155
8228
3017
5187
9400
7388
3223
6848
9573
6415
5922
7029
1805
2710
9689
3984
4744
2644
6893
3800
7690
6459
4243
7956
6338
7746
6987
2285
9683
4074
9213
4895
5278
4747
2264
9299
5950
5396
5216
6911
6173
7297
9480
1688
4714
6233
8192
7467
4261
846
564
8770
830
2074
890
4642
2048
8191
1612
9553
7703
4108
7851
792
5599
3779
3497
2765
7408
9082
7649
6774
3192
251
8623
6149
7282
6046
3729
7967
3919
3069
4074
5287
8695
4882
8221
1936
8731
9472
9654
3759
5041
4938
1093
2880
6540
3808
6462
4611
1852
10
7767
7831
4182
751
6861
384
7767
3184
8563
4022
3118
2670
3618
2524
1975
8510
5240
6461
4268
5958
2462
5104
4765
6259
6368
6387
8905
6654
3083
5003
2780
5232
8438
6968
3797
7993
1949
6669
5294
2644
8846
9006
2967
8229
1710
5268
8984
8976
1223
4826
5610
3156
1697
579
7631
3391
7029
4770
5237
1574
3389
1884
291
6778
5081
4757
7271
4364
6747
4659
2729
1811
1214
6116
3907
6284
1714
495
389
1020
9748
2952
3332
3650
7187
854
4792
2816
9968
9887
2987
6374
1646
1372
9493
3005
778
1314
6937
2077
6123
1260
4098
3645
1562
4349
8182
6848
6589
1392
84
1807
7919
5203
6319
4986
9729
9108
349
7907
993
131
2552
5837
5153
2834
8085
6852
6777
3660
9157
7092
6311
5486
2346
775
831
6362
4716
1723
5207
1034
7148
9277
679
4356
7566
4490
6370
7322
9565
6384
3670
927
3025
6201
8736
1331
2007
9694
9320
6993
1652
3563
7856
9361
7844
910
5388
7860
4608
2472
2411
3119
6178
2335
7091
5703
4085
3040
6935
881
5520
2489
7438
4324
240
6710
5824
7458
5853
7730
6812
3167
4617
7363
7685
2234
8640
4204
874
4613
6986
5640
8905
658
9268
4126
7561
9703
8584
8562
8904
1781
8549
3437
6874
2246
2449
4841
5693
6989
7187
605
70
6583
1576
8359
1832
7639
5209
4340
1138
451
9469
6367
7025
8310
7806
5570
5804
3834
2951
6710
4955
1434
6186
3960
5649
6616
8708
4181
873
6162
9622
1865
7307
4383
8951
9342
8469
2175
4763
6667
7032
4316
1292
8116
852
4450
6868
975
5089
3701
1483
24
1468
7230
9092
4562
8037
6450
6059
2922
8234
5772
7390
7595
9285
5339
3132
7725
5333
3443
4852
9480
2497
5243
1230
4127
5764
5055
1440
8584
3773
6773
6169
4014
3336
4103
3940
8891
813
1585
4222
9363
154
1122
6467
559
4873
8269
5963
5452
5081
3814
9889
5875
8623
561
3612
1013
1725
6340
2997
4086
2364
2390
3943
2040
1955
2879
5253
5989
2677
2415
3060
3936
5388
9816
2892
3531
3283
3661
2561
7408
5188
8132
9567
6217
9390
9632
2074
9729
3043
7158
2467
6153
2243
2719
3876
4948
5344
7567
3248
2682
1714
7911
6045
6906
2815
882
7767
4786
4383
1045
6646
8532
6097
3592
584
4471
8498
1736
5718
2060
5946
1881
1860
3034
8201
3123
4299
7290
9234
1794
6872
5472
1610
123
4442
4099
5718
5164
3420
9805
143
3055
1459
5287
7144
8328
7612
3122
2738
1218
101
1227
1947
9689
7770
9905
7510
6456
8078
9644
5330
6772
5754
1341
7879
9197
640
620
8714
4985
4738
6406
3671
4018
7005
5443
2509
7821
8458
7736
3082
9923
8013
1857
3957
8321
5197
3781
3210
32
4913
8447
7969
5482
6946
3896
4970
6112
974
3145
3454
9193
8047
1482
734
9169
9336
4631
5909
9826
8906
1732
1528
767
4085
1223
8065
2424
1955
2544
1060
8672
6352
5676
1243
9229
1287
6702
1236
8042
7789
7256
9692
5927
4526
3366
2058
9610
5043
8058
6645
3484
7818
3731
3940
5282
1498
4710
1713
9488
2832
6145
5338
6349
4857
4469
1817
4149
9032
8515
3567
9065
9602
5200
7246
7474
9324
1224
8630
1697
3862
6590
5669
5897
7521
8509
7827
3516
9149
3763
186
568
8325
4429
9128
5772
3694
2825
5339
974
1469
1407
6638
8962
6104
3942
4161
3987
1693
7568
9841
8604
5248
5087
5377
5909
7689
9713
338
6229
9481
4195
7883
1947
370
582
5029
9802
8308
1558
7498
5857
4916
341
5293
6251
3507
5771
5175
6576
9196
6217
5856
4266
1843
3367
3581
1314
7800
1727
8525
393
8956
2644
429
1086
5544
6136
6962
4688
3247
5129
3842
1208
5691
2359
8576
5748
6557
6205
816
2470
9263
7815
2024
4381
5522
5958
9021
9640
1762
3178
3768
8033
7867
5489
4951
7220
6090
5771
1779
1459
6196
9353
8575
8817
3235
1083
3738
4051
3521
8145
3435
1520
1631
4468
5521
6063
7391
3359
6506
7849
9032
9050
6973
4689
8690
8801
3994
6458
5766
7893
6090
2406
8319
2316
7620
1195
41
3570
1849
7886
2073
7486
7118
7653
4076
76
3117
6515
8044
6365
3190
1246
8787
9213
1952
3708
9515
3426
1970
7954
2831
9130
5915
4598
7247
8977
9853
5280
5437
5179
7051
7409
9353
6810
3136
1454
9735
9534
4568
4509
9947
8526
6338
8592
6536
7959
5164
6763
2582
749
1870
8170
3372
6487
4850
7791
1331
1233
5203
58
395
4990
3713
3083
2421
8248
9229
8056
1780
5752
4933
4948
1228
4628
4789
4990
1172
4427
2842
2322
7383
7051
2877
6572
9806
5300
9831
3070
4381
8541
6153
8319
2000
7821
2
5436
4822
5331
917
9344
1904
4559
8666
3011
6384
7469
6412
8337
1561
5191
5687
9581
1671
6534
2569
5352
6981
4831
4849
1712
6572
6144
9843
9202
9387
972
1113
2524
8199
1485
2500
4900
693
7730
8503
5294
786
1600
3257
693
261
3450
3845
3917
8388
9253
6176
6122
9186
2354
9492
8920
2457
821
5557
7748
5006
6633
5257
3892
9230
2157
8362
9277
4186
9692
1314
5926
6556
327
2720
8445
6051
2784
268
491
8458
6839
4395
2909
2349
3249
5436
2377
1729
5964
5236
6864
1747
6551
4858
4793
4589
3083
5968
8034
6286
6076
6017
5808
5335
9846
3669
8844
3190
2089
2087
4896
6074
958
8434
703
5554
7969
4556
2952
16
1517
4463
3567
4530
5985
2051
1108
4160
1642
5724
8943
1777
6458
6123
1248
4008
7319
6628
4575
9729
689
17
2969
6801
5278
2159
4807
1564
3312
6784
3816
8013
3174
3616
5814
36
5477
5805
8822
2892
6157
5385
8513
5221
1260
1962
7023
2197
2884
4694
9400
8228
871
7905
4749
7033
7563
8984
4103
4433
1273
8788
4909
9866
7661
9557
6539
3929
4685
5307
6490
9868
8363
3734
4956
9195
4466
2348
3188
4396
1997
5144
3782
8668
9232
2027
5320
1621
3517
4011
1967
7747
6254
7404
8199
1288
5382
2607
7616
1921
5843
7057
6798
8014
4427
9489
2213
9938
353
3630
1719
2195
2535
5903
3665
1113
6344
6331
3427
8871
1195
2998
7778
8580
8417
9595
2051
4995
8584
6786
7572
6824
2213
316
5938
2911
2698
3029
7511
9263
8940
831
3364
2678
2252
2377
3750
295
5849
1546
1021
4582
691
8354
4714
8816
6628
5325
7588
6313
5342
4792
4549
3040
758
9914
5082
4955
3434
1859
5871
2605
2131
7079
6316
4070
3237
3400
3939
2510
559
7333
210
8987
8318
384
9190
6754
4842
8915
6639
1881
5439
3369
5379
8323
6337
7849
375
8148
600
5843
2146
4845
5876
8242
2696
937
214
3620
4506
6783
227
5518
9044
2171
4993
508
4565
6752
1359
686
2878
712
2445
5802
3827
134
6155
6257
6184
2352
6274
5094
3430
7344
1576
9977
7841
1905
2202
7075
4912
7575
9984
3244
8442
9435
4500
9050
5651
338
2773
5612
1327
4604
2075
9513
9801
8830
1771
7436
6155
7128
727
74
2540
9700
5087
891
8893
8575
9151
8310
1594
5280
9264
7817
2445
3022
8631
7150
9179
4792
2961
1913
3908
9301
1262
7867
7463
9808
2256
9016
320
7838
8738
3619
4109
7298
1990
3696
3099
1522
3453
6774
7771
3591
4824
4918
5002
3019
2261
7464
9039
3202
3520
4427
2349
8568
4709
9909
6846
4009
6368
2184
7839
2059
4058
671
400
7252
5118
833
2763
8992
7036
3361
4282
8484
8209
1482
2385
9121
4787
3339
2697
2111
1131
6405
9701
9739
3296
4411
5266
4402
6213
3455
2458
7736
8859
6605
6849
2150
8899
1199
529
4061
2032
8141
6728
3726
6797
4694
7070
571
7685
8559
7459
6638
8743
4858
3947
2853
1335
2887
8200
5802
1299
7081
5567
6853
1647
4221
4203
1370
8354
5932
6609
6516
3537
9105
7757
5103
8631
5048
8696
6933
6044
49
2521
2447
6623
2793
9610
2481
789
3862
1626
51
847
432
3726
4958
8770
9628
9124
4857
5685
2637
8817
8152
728
3095
4597
8435
1805
5545
5518
6822
4925
1085
3159
6512
3904
332
3113
5421
1836
9866
6496
7069
1718
4542
2851
1754
4966
5256
9131
4794
2248
2181
8386
5066
991
4359
5120
2237
3223
2888
5910
7540
5266
1786
471
1156
200
7001
3085
9999
993
4951
9381
2656
9519
9916
3482
4805
1224
1648
6826
3813
348
7299
816
8841
8084
1910
4367
392
5804
9641
530
7411
2713
1061
9232
7039
1398
8392
6849
7663
9783
8463
4026
8895
6149
2147
4633
74
8136
8023
5783
4181
8855
6617
9700
4165
8973
9158
401
4121
6495
5421
3950
8329
4709
3408
4173
5797
7617
9806
7160
5937
9953
7246
6724
9855
7781
1630
9160
6404
7099
3004
4274
8841
7489
6780
2698
412
6445
6498
1305
5197
6395
9339
2016
4974
7366
6703
9699
4173
2241
6739
1574
6827
2732
7053
9356
5062
2233
1530
2510
6156
739
1565
5312
5663
9474
1435
9825
5894
8348
9520
6464
8492
5670
8910
1179
5980
5970
652
1886
6357
6113
7795
5438
7275
7894
7857
2744
6662
4312
1973
5512
6990
7272
8977
7415
5606
686
222
5507
2852
9929
7211
758
3216
1832
1375
939
6226
3438
1613
2171
607
5033
6861
4140
2217
286
1029
7151
4393
7264
4834
570
9284
1868
9463
5557
3054
6672
5295
2989
2737
2741
8595
9951
4942
3805
6132
3878
6519
3247
8337
6676
8780
6053
5079
8279
7183
68
8316
8745
8275
3268
3775
2461
4994
597
5744
9544
107
9084
6844
4544
4112
9011
4475
2543
3109
3847
1083
7988
6516
7988
8129
5353
4374
5753
579
5882
7128
9873
3963
8174
2453
1742
7767
7702
3675
4314
5378
8629
3197
7677
5549
4703
268
8527
7217
431
3809
8948
9746
8660
6326
1758
5410
7360
6701
8250
7657
8145
425
4435
1999
6559
4058
1940
636
8508
7201
1291
6302
7499
9783
7927
8425
1139
7310
653
7282
1690
7803
2748
7809
6162
6116
5070
9545
8323
3082
2700
43
4778
2706
2091
8702
3234
7762
8574
5120
8280
5544
6901
4810
1647
6350
8754
1927
6022
6190
7260
8909
6049
2108
811
1461
1005
536
3266
3894
7647
5520
4881
4914
8571
4926
445
7424
8670
7210
6612
8299
8293
3769
2563
5811
5803
4891
6589
7446
906
3675
6164
5473
7663
3478
3543
5374
8619
9464
3196
5407
9633
8718
9404
8471
3558
6427
1650
8505
4161
9892
3140
6943
5211
5719
2736
2965
3188
8371
4892
701
6980
6216
6443
3812
2243
2973
2232
1428
7458
9591
3900
5785
3628
1484
7025
6461
2206
4987
665
5818
5188
8252
717
2151
8354
3689
1245
6259
4494
201
1460
8866
5504
5953
595
2361
56
9012
4049
2024
6659
4469
5406
4057
5054
5300
3230
8186
660
7997
5836
5464
8383
2448
63
1413
2438
3775
6052
7011
4166
392
1983
2211
6633
2577
5919
7577
2471
1892
9828
4808
8353
1077
4219
6223
3308
1044
1444
3747
3921
6191
3437
5420
1720
4251
2920
6855
2427
8811
6553
6313
2146
910
4970
567
203
2087
7700
1412
5679
1854
7923
4611
1417
3501
6632
3231
1111
101
540
8291
4138
1185
2451
4977
7657
8411
7363
3765
4104
6428
6763
9866
7127
7363
7315
3034
7113
8081
8132
2620
1793
561
54
8744
6097
8141
9159
2431
7329
5420
5492
2738
9468
4314
7498
5902
4222
722
691
414
8163
5004
6923
7666
2317
1214
9383
7831
8708
7835
8877
4748
5859
6851
9637
3937
7605
1447
7752
8074
9131
6943
2413
6313
1758
7654
4699
8835
1031
4178
6304
922
1580
7251
4545
1077
9656
2833
63
737
244
929
389
8551
3232
1921
113
9717
4333
505
4415
9576
6654
5475
3160
6570
2273
872
2095
1666
6296
114
4409
7795
5357
6293
5547
4278
7466
5226
847
1489
8177
2712
2440
7760
5011
2285
8360
6428
8657
8607
7741
7571
4973
4791
1753
7712
7104
9845
5819
6182
1794
7299
6942
1445
7705
9317
5309
909
3872
2343
9007
3701
8311
6944
4084
5894
9916
7360
169
6745
6975
3110
422
865
9161
5641
8719
4892
4119
5520
5055
8655
2256
5304
4505
3493
155
9994
330
740
2419
4778
1931
4105
4318
2846
1569
5864
2439
9883
1648
8100
7466
6416
6588
8349
3136
3416
7295
624
4707
7854
4850
7525
7875
7375
6887
6017
8627
2513
6432
4187
2770
7660
7831
1076
9408
791
850
9774
800
8217
9906
7715
3
2832
3397
3378
8625
3237
7821
9102
4292
8266
1546
8542
1906
8156
2451
1286
4105
4124
544
6240
9804
3919
413
8196
6070
2679
2149
8983
4508
6109
4467
2118
7185
5451
865
7695
2842
9026
4185
9570
2986
6227
4819
2991
88
7936
7615
2058
6026
7146
2470
4264
1432
6572
4462
9557
3596
3425
9318
2618
8395
5739
3576
4351
1773
3999
4197
3996
1872
9255
533
841
6545
9821
8185
8984
2827
7225
3932
678
6940
1436
2822
9664
6620
8123
3419
6858
9087
9092
2702
4292
5561
4370
9083
7557
2377
2068
2025
411
5539
4860
3987
1653
976
9393
4150
8197
6660
5696
9460
5763
7160
2667
1505
7157
4080
8832
7070
5970
5741
7818
9425
4555
9142
8888
3434
9742
9874
5142
3774
1858
4630
8488
2456
7458
2508
8928
8675
3271
9136
2994
357
8242
5332
1668
6995
4917
7565
999
8875
1143
6052
1905
9166
9839
5623
6383
197
9822
8645
1900
8639
6109
190
2810
457
3425
5134
8378
9890
9177
8044
8430
3659
2770
9467
7714
4501
9905
7367
2659
7107
9992
1958
5457
2781
9495
4538
2429
7983
6857
9307
5386
7041
3719
5584
6024
834
3119
553
6227
854
4581
6296
4063
5044
3909
5090
6904
7144
3830
5909
6356
2686
2949
3991
3860
5353
6041
3172
1514
4275
7840
7918
7074
8909
9750
7669
9123
632
4503
7257
5703
172
7227
7570
560
4128
6853
5838
3991
9467
4469
6092
1578
2549
861
3736
6594
5254
5575
5324
4391
3217
816
668
6091
4632
488
1924
8208
6955
5157
1554
8944
6689
2283
2200
448
5751
2706
4317
2076
2225
8145
5323
1789
9497
8550
3884
8070
2012
1586
4002
4719
4636
8425
3475
4162
2959
4702
7956
7118
8190
9417
4916
2848
2111
1091
6891
2636
2367
3799
7327
5490
8575
9710
5515
6183
1666
7979
5979
449
3289
7979
5149
5872
7186
986
9523
2728
3834
7939
2376
9409
441
1636
4863
2640
4336
3215
1041
3062
4651
58
6814
3243
6984
5843
5945
4268
476
4561
1467
6959
6649
1794
9275
3266
4949
7499
6518
6410
6163
4531
2584
4785
9272
1446
2143
503
6721
1629
784
3461
2104
8790
3276
4436
2692
352
1629
3307
4105
5969
3
8563
6917
720
400
9065
1200
5517
2653
9646
9567
2053
6718
5782
6060
5689
3096
840
4915
656
3813
5201
5480
893
3252
3170
1511
2469
3810
3956
4288
9929
7026
4034
3250
3923
6399
520
2225
1110
7133
7906
590
351
756
8678
4140
9751
6938
392
1068
4882
1625
9498
4638
2855
3354
1183
4048
6609
7124
2975
1511
3605
8214
7530
6795
3740
4771
7648
8090
2397
4181
3963
7602
3505
557
9918
23
3301
8368
3001
9894
5393
1279
9877
5930
418
5959
292
2993
6467
5671
6529
7096
5160
935
6127
6329
7996
4781
946
3248
9726
8957
2350
5959
7930
3305
4600
7426
6225
9107
5526
8843
7427
483
445
1229
1209
5714
6719
9294
8643
6615
1395
9897
3062
9188
3203
8080
5292
9198
7
8468
4356
5689
6677
4990
8274
1323
7952
2078
8577
8578
4442
6260
4097
6561
6389
1782
2618
1385
5258
8853
7044
3168
2111
2145
8443
2737
5238
1980
6952
1993
4289
6475
6757
8830
6617
197
8899
1675
1252
6524
8794
9176
2586
2772
7501
3201
9026
9654
1839
1598
9778
2613
9746
8138
8466
409
2171
3815
7108
4404
7780
7429
1326
4046
7683
5584
2209
2235
8954
7788
3968
4850
6049
7585
4410
4584
8596
3719
2682
3350
7962
8478
6394
2360
8978
9496
2045
2002
2568
3255
4367
5486
6752
788
9199
6782
853
4272
9669
5465
8701
7754
3313
7682
2323
3374
1094
1245
2526
2685
6115
9085
8711
5274
647
3092
3843
4817
3268
7023
3360
2522
1595
2572
9713
7525
1741
4162
3414
4136
4962
3206
8813
6644
7404
7468
3410
700
6298
3024
9584
9087
5955
7287
8231
1104
5900
9505
8056
9973
3940
7888
6692
3397
1576
9997
6831
7212
4172
766
6295
5314
4201
7853
2951
9240
6179
5727
3147
6866
7305
4078
4106
5419
5628
3769
5449
3343
5047
604
1607
5844
4871
9098
2088
9923
9493
9552
9236
237
4557
926
3894
3971
4047
5640
5337
7592
2458
2811
8188
7365
8932
6282
9141
1885
1514
3652
7243
5573
8299
4042
5035
6695
91
6901
6151
4994
6571
3611
476
8602
1727
7803
5374
4430
3950
4652
3490
7603
1652
4924
8926
3105
9303
8636
9002
5031
7060
3464
723
282
6064
1688
6867
7179
5245
8866
7905
9478
9870
6137
9048
3710
9498
3347
5845
9568
8009
3386
1202
556
1021
1784
4437
5218
8625
83
2670
3159
6596
569
2693
8043
979
7409
4899
8835
6981
4322
3952
2159
3336
7432
8253
7194
4923
3567
2056
7585
6470
7381
7095
3950
8035
5646
9590
1366
2740
484
8221
3105
4662
7587
1838
5798
7151
1069
8312
2813
1830
5351
9408
705
4976
6742
3941
5596
236
6590
5733
2051
4509
6647
6949
9908
371
1360
6754
8499
9160
6762
7651
8813
5548
157
9047
5666
3541
7202
5838
1559
4911
6369
5068
2950
5024
1808
4280
4727
8297
9744
4069
4852
8170
8029
1392
4836
5076
5182
2808
997
9987
2641
3540
9355
2250
8628
9118
5449
2497
7257
2575
4395
7683
9062
3181
3714
4611
457
2328
9901
2974
2187
642
3265
6901
2107
249
5214
7608
5280
8155
1715
3381
4225
8486
4006
5922
9684
8324
6173
7163
3580
3978
1568
262
5756
1234
5763
2370
46
9387
6516
4153
961
6408
4902
8949
1356
1289
1097
9616
1266
6128
777
6775
3593
4934
236
4543
4885
5403
9635
589
1786
2220
763
9785
575
981
4177
3052
736
1827
5438
7979
3510
3362
8230
9277
1419
774
4736
1968
7737
6213
4549
5400
2790
8215
6945
299
8373
1454
8416
5723
5886
6097
1238
4785
7843
7000
1152
821
3257
5558
5614
1685
6352
4735
2522
426
6972
1964
4684
8031
7761
4916
2738
2231
6121
5550
1246
7823
5245
6252
2184
6756
2364
1222
6045
6841
7165
1140
5465
6183
6542
2655
4185
3752
3649
3265
7242
219
5684
5450
7659
6673
5265
104
3500
6315
9835
5590
3109
5783
8701
1995
6592
3939
8207
7857
9003
2176
5308
2111
7750
3328
2792
2119
3563
3401
3882
8310
6779
5501
30
9865
3837
9885
3611
5367
2838
7207
1387
6970
7818
9672
2053
8020
3479
7493
6146
9087
8950
493
1536
5812
3989
488
984
6869
7507
8542
1929
5899
6727
3027
4897
7012
2955
473
9019
6404
3113
9758
9715
8519
5186
5115
3497
5633
5614
9656
1082
3610
5217
5601
3002
2360
5976
3944
2897
202
5245
9726
9410
5486
8847
2145
1027
5157
4282
7800
5762
4827
7945
6932
1556
1939
4310
9435
5616
9193
4388
4884
7821
6457
3164
1074
1868
5637
9734
6022
6809
5652
7232
5770
3368
7160
607
2364
4215
5262
5698
8388
9357
2616
3770
2848
4716
8877
1892
8842
8510
2595
5499
2021
9315
1750
3266
7467
792
3844
7622
6397
9857
1024
6923
3184
2861
714
1282
3754
5567
6801
9644
1605
3752
644
8260
8147
8148
2895
2753
9136
1232
5173
6013
5566
943
2224
5492
1888
2599
6867
1711
4403
6924
9182
2056
2793
4898
3277
4355
5863
2839
3376
5085
4245
1007
9854
1838
4841
6740
4261
7856
3540
9751
895
6407
5555
6260
4809
916
4971
5506
4256
1940
4952
1665
1750
6178
2597
2215
3406
5443
5938
9043
746
1161
9203
7140
8245
4115
5048
9860
9467
9684
5107
2866
1190
3099
6167
5204
321
4611
7894
9249
8030
3799
9752
2838
5015
5681
6264
1423
992
7878
5304
4895
5705
2132
6957
2356
6413
790
4703
9415
752
3790
4108
3951
5702
9039
9918
6158
2095
9804
1680
1053
5785
592
3435
4108
2383
8001
9899
2916
2245
645
395
1979
8408
7357
7481
598
1052
3060
8585
511
6920
8686
1716
9938
6028
1465
8392
2438
5019
8798
5662
7576
9651
3737
2517
7758
9829
9486
72
8176
490
1553
3677
1560
8427
451
2881
2545
5591
347
7458
2015
1372
8489
889
6955
6834
369
3893
2757
1515
9779
2849
8379
1782
2574
1469
7012
4108
9601
4240
2647
5170
3519
5035
9767
955
1806
9571
5806
2990
44
1348
9884
9269
7569
8964
3398
7671
9763
7807
368
3836
1341
1397
783
7286
9934
9058
599
5629
3078
8454
4957
8377
2939
6054
2645
474
4826
